--------------------------------------------------------------
utils/im2col
例：3*3のフィルターで　5*5の画像に畳み込みを適用
入力画像
 1   2   3   4   5
 6   7   8   9  10
11  12  13  14  15
16  17  18  19  20
21  22  23  24  25

3*3 フィルター
F1  F2  F3
F4  F5  F6
F7  F8  F9

im2colで展開されるイメージ
 1   2   3   6   7   8  11  12  13  ← 1回目（左上の 3×3 範囲）
 2   3   4   7   8   9  12  13  14  ← 2回目（右に1ピクセル移動）
 3   4   5   8   9  10  13  14  15  ← 3回目（さらに右へ）
 6   7   8  11  12  13  16  17  18  ← 4回目（下に1ピクセル移動）
 7   8   9  12  13  14  17  18  19
 8   9  10  13  14  15  18  19  20
11  12  13  16  17  18  21  22  23
12  13  14  17  18  19  22  23  24
13  14  15  18  19  20  23  24  25  ← 最後（右下の 3×3 範囲）

----------------------------------------------------------------

